10
Los_Angeles
San_Diego
San_Francisco
Long_Beach
Fresno
Sacramento
Las_Vegas
Spring_Valley
Portland
Salem
18
Los_Angeles San_Diego
6
1	0.87920292	0.72275734
2	0.31100772	0.35250296
3	0.18759186	0.76107468
4	0.28249730	0.16597410
5	0.89166406	0.53730057
6	0.26724918	0.21283969
Los_Angeles San_Francisco
6
1	0.32583373	0.87607532
2	0.29620914	0.33549584
5	0.44530076	0.45881062
6	0.44650103	0.01452899
Los_Angeles Portland
6
1	0.98616863	0.16546079
2	0.42513270	0.89777763
3	0.62882421	0.61639548
4	0.29455582	0.98083161
5	0.20191651	0.28872644
6	0.29048867	0.87028459
San_Diego San_Francisco
6
1	0.65474286	0.42849937
2	0.08490762	0.08279393
3	0.66771620	0.38082786
4	0.37565049	0.19282625
5	0.04531949	0.73207142
6	0.00624875	0.69252145
San_Diego Long_Beach
6
1	0.72718117	0.68923875
2	0.42602992	0.79715933
3	0.51169234	0.75114472
4	0.28288231	0.42465087
5	0.75025615	0.83877710
6	0.96542749	0.31224828
San_Diego Fresno
6
1	0.58389887	0.27930368
2	0.72212137	0.19977468
3	0.63270161	0.83444369
4	0.49732361	0.00275690
5	0.97150428	0.72596104
6	0.90049144	0.04055459
San_Diego Portland
6
1	0.34619792	0.95557396
2	0.59369911	0.33449138
3	0.69427363	0.07074393
4	0.27431703	0.74375200
5	0.26785908	0.42971020
6	0.23314268	0.69694723
San_Francisco Sacramento
6
1	0.98082210	0.68654625
2	0.69701024	0.96758267
3	0.88452889	0.62188515
4	0.63931350	0.93794966
5	0.40861341	0.66313297
6	0.88589717	0.21279061
San_Francisco Salem
6
1	0.80678314	0.74147693
2	0.22131904	0.87819327
3	0.93191734	0.33031839
4	0.68088757	0.39727246
5	0.19069660	0.13917181
6	0.74720679	0.41156250
Long_Beach Fresno
6
1	0.07953961	0.18148016
2	0.91114557	0.05444259
3	0.56882581	0.16251232
4	0.94480832	0.76170398
5	0.48756394	0.01188172
6	0.52676959	0.83040353
Fresno Las_Vegas
6
1	0.06637279	0.18607895
2	0.19743685	0.57705188
3	0.63529163	0.25655820
4	0.56330982	0.70417947
5	0.18906570	0.58358624
6	0.48041005	0.61151736
Fresno Salem
6
1	0.01224724	0.61199197
2	0.51160804	0.03620663
3	0.63015748	0.50283643
4	0.69902917	0.94418157
5	0.68417961	0.11705533
6	0.47434253	0.51792620
Sacramento Las_Vegas
6
1	0.86497669	0.85580795
2	0.15671474	0.48876473
3	0.55281904	0.00089317
4	0.84027470	0.61987629
5	0.72295672	0.28981544
6	0.32906293	0.18373611
Sacramento Salem
6
1	0.89415778	0.01314488
2	0.69956452	0.80788466
3	0.60571897	0.65812468
4	0.71102145	0.68279648
5	0.53785180	0.80511450
6	0.56680572	0.31552173
Las_Vegas Spring_Valley
6
1	0.85752085	0.46826018
2	0.35829703	0.33978892
3	0.75272288	0.47856396
4	0.67553044	0.79060375
5	0.75327991	0.00990593
6	0.53179245	0.46892366
Las_Vegas Portland
6
1	0.12150509	0.96708024
2	0.78719544	0.48011202
3	0.39716997	0.94029341
4	0.02372608	0.76142126
5	0.26273903	0.40746127
6	0.62481833	0.98572743
Las_Vegas Salem
6
1	0.16847912	0.99491392
2	0.80026439	0.85776323
3	0.75468176	0.75756761
4	0.88019435	0.44892665
5	0.75591826	0.35019095
6	0.72378089	0.05490872
Spring_Valley Portland
6
1	0.79178589	0.97395569
2	0.23808187	0.65517070
3	0.42220924	0.95403963
4	0.40589316	0.97329838
5	0.08951393	0.49387000
6	0.72343208	0.93700923
35
3
San_Francisco Spring_Valley
Los_Angeles Sacramento
Sacramento Portland

17
Boston
New_York
Filadelfia
Washington_DC
Miami
Orlando
Tampa
New_Orleans
Seattle
Las_Vegas
Jacksonville
Los_Angeles
Indianapolis
Dallas
Houston
San_Francisco
Chicago
17
Boston New_York
6
1	0.65474286	0.42849937
2	0.08490762	0.08279393
3	0.66771620	0.38082786
4	0.37565049	0.19282625
5	0.04531949	0.73207142
6	0.00624875	0.69252145
New_York Filadelfia
6
1	0.65474286	0.42849937
2	0.08490762	0.08279393
3	0.66771620	0.38082786
4	0.37565049	0.19282625
5	0.04531949	0.73207142
6	0.00624875	0.69252145
Filadelfia Washington_DC
6
1	0.65474286	0.42849937
2	0.08490762	0.08279393
3	0.66771620	0.38082786
4	0.37565049	0.19282625
5	0.04531949	0.73207142
6	0.00624875	0.69252145
Washington_DC Miami
6
1	0.65474286	0.42849937
2	0.08490762	0.08279393
3	0.66771620	0.38082786
4	0.37565049	0.19282625
5	0.04531949	0.73207142
6	0.00624875	0.69252145
Miami Orlando
6
1	0.65474286	0.42849937
2	0.08490762	0.08279393
3	0.66771620	0.38082786
4	0.37565049	0.19282625
5	0.04531949	0.73207142
6	0.00624875	0.69252145
Orlando Tampa
6
1	0.65474286	0.42849937
2	0.08490762	0.08279393
3	0.66771620	0.38082786
4	0.37565049	0.19282625
5	0.04531949	0.73207142
6	0.00624875	0.69252145
Tampa New_Orleans
6
1	0.65474286	0.42849937
2	0.08490762	0.08279393
3	0.66771620	0.38082786
4	0.37565049	0.19282625
5	0.04531949	0.73207142
6	0.00624875	0.69252145
New_Orleans Seattle
6
1	0.65474286	0.42849937
2	0.08490762	0.08279393
3	0.66771620	0.38082786
4	0.37565049	0.19282625
5	0.04531949	0.73207142
6	0.00624875	0.69252145
Seattle Las_Vegas
6
1	0.65474286	0.42849937
2	0.08490762	0.08279393
3	0.66771620	0.38082786
4	0.37565049	0.19282625
5	0.04531949	0.73207142
6	0.00624875	0.69252145
Las_Vegas Jacksonville
6
1	0.65474286	0.42849937
2	0.08490762	0.08279393
3	0.66771620	0.38082786
4	0.37565049	0.19282625
5	0.04531949	0.73207142
6	0.00624875	0.69252145
Jacksonville Los_Angeles
6
1	0.65474286	0.42849937
2	0.08490762	0.08279393
3	0.66771620	0.38082786
4	0.37565049	0.19282625
5	0.04531949	0.73207142
6	0.00624875	0.69252145
Los_Angeles Indianapolis
6
1	0.65474286	0.42849937
2	0.08490762	0.08279393
3	0.66771620	0.38082786
4	0.37565049	0.19282625
5	0.04531949	0.73207142
6	0.00624875	0.69252145
Indianapolis Dallas
6
1	0.79178589	0.97395569
2	0.23808187	0.65517070
3	0.42220924	0.95403963
4	0.40589316	0.97329838
5	0.08951393	0.49387000
6	0.72343208	0.93700923
Dallas Houston
6
1	0.06637279	0.18607895
2	0.19743685	0.57705188
3	0.63529163	0.25655820
4	0.56330982	0.70417947
5	0.18906570	0.58358624
6	0.48041005	0.61151736
Houston San_Francisco
6
1	0.06637279	0.18607895
2	0.19743685	0.57705188
3	0.63529163	0.25655820
4	0.56330982	0.70417947
5	0.18906570	0.58358624
6	0.48041005	0.61151736
San_Francisco Chicago
6
1	0.98082210	0.68654625
2	0.69701024	0.96758267
3	0.88452889	0.62188515
4	0.63931350	0.93794966
5	0.40861341	0.66313297
6	0.88589717	0.21279061
Chicago Boston
6
1	0.65474286	0.42849937
2	0.08490762	0.08279393
3	0.66771620	0.38082786
4	0.37565049	0.19282625
5	0.04531949	0.73207142
6	0.00624875	0.69252145
40
2
Miami Houston
Chicago Indianapolis

0
